2 0.45078125 0.5125 0.3171875 0.81953125
2 0.63828125 0.2484375 0.1984375 0.39375
2 0.1 0.1484375 0.1078125 0.14453125
2 0.61953125 0.140625 0.109375 0.15390625
2 0.20390625 0.16640625 0.11171875 0.13515625
2 0.9703125 0.20625 0.0546875 0.14609375
2 0.7421875 0.1953125 0.11171875 0.1453125
2 0.553125 0.15 0.071875 0.1078125
2 0.80703125 0.20234375 0.1140625 0.13828125
2 0.8890625 0.21328125 0.14296875 0.13359375
2 0.29453125 0.178125 0.10859375 0.1265625
2 0.834375 0.1796875 0.31875 0.1984375
2 0.18671875 0.15 0.37109375 0.18203125
2 0.47421875 0.1546875 0.10859375 0.1171875
2 0.1609375 0.1453125 0.05625 0.10859375
2 0.03984375 0.0796875 0.07890625 0.05546875
2 0.91171875 0.15859375 0.09921875 0.06484375