2 0.48828125 0.4484375 0.47421875 0.81015625
2 0.87421875 0.16796875 0.140625 0.1015625
2 0.75 0.16328125 0.134375 0.1015625
2 0.6671875 0.15703125 0.0828125 0.10625
2 0.1875 0.1265625 0.375 0.159375
2 0.203125 0.14453125 0.08828125 0.11640625
2 0.3328125 0.14375 0.0765625 0.1171875
2 0.8046875 0.15625 0.06953125 0.10546875
2 0.2703125 0.14609375 0.1234375 0.11875
2 0.95546875 0.1671875 0.0828125 0.10703125
2 0.7234375 0.12109375 0.0984375 0.05390625
2 0.07734375 0.14453125 0.15 0.115625
2 0.01953125 0.13046875 0.03671875 0.1265625
2 0.2640625 0.0703125 0.05859375 0.03359375
2 0.3453125 0.09453125 0.0546875 0.03671875
2 0.12421875 0.06640625 0.0453125 0.03046875
2 0.01640625 0.06875 0.03125 0.04140625
2 0.14765625 0.1484375 0.08671875 0.1171875
2 0.19765625 0.07578125 0.075 0.02578125
2 0.8265625 0.1046875 0.1359375 0.08828125
2 0.07421875 0.0703125 0.13828125 0.040625
2 0.821875 0.1125 0.103125 0.02421875
2 0.4609375 0.1765625 0.16015625 0.10703125
2 0.94765625 0.10859375 0.084375 0.034375
2 0.0125 0.103125 0.025 0.03828125
2 0.82734375 0.13125 0.0703125 0.03671875
2 0.16484375 0.0875 0.0984375 0.021875
2 0.2890625 0.08515625 0.084375 0.025